26199944
20093296
32854451
18250541
10971406
22090376
25910213
21476993
20434453
14623934
24381227
29883676
23640085
15756685
30316882
23695273
29947050
24368146
11960572
21286823
29301733
15002726
14633923
18433912
22799487
12442280
28666732
10196371
19073398
16676398
32259893
8808596
10471527
17704260
31920950
18502988
31028937
11839723
9934767
21186955
9605588
25501229
21421563
29568952
29492593
32499600
9856571
30272267
14656244
23754335
31589614
27771813
28901406
17594722
10413423
11139242
2406720
20705777
21943124
15923275
19582488
26094658
26732650
31336731
19520980
20393878
30610926
22197934
25644941
32162695
26770560
27229139
30709381
32356167
30420857
10772683
25117503
12372056
14633595
8698354
1591732
22802087
20718038
24668549
24142793
14522379
23561644
29608813
34487234
20137753
19213030
24728327
18497887
25260786
22025298
10094557
25802881
32848441
20075145
11071383
22753075
23796801
24823460
15951970
28008009
32027463
31441587
10980596
33223528
17339163
23114473
7670477
31697451
23059812
8872463
15466831
27824329
23426006
21889589
19188145
28711660
11038465
24552817
24464100
19930554
25896519
30613976
9718327
32025882
9425897
22703879
32066632
7614454
28411082
9450866
18612309
21482541
21787400
15883474
12938083
19781682
25808193
16061567
33729509
18422784
7966399
22855653
20465090
7581377
17107413
19535770
11781709
24323243
10746979
23475934
17360555
34008892
15800843
31111652
30995915
22382802
20427508
7479840
27899157
12393546
9048930
19669161
22706378
12058348
26242988
14722919
27484032
18301449
20567917
30043523
25762362
10874307
10492163
19029688
33628209
11434599
17393301
22543132
21933854
10874301
32543103
15855432
15605412
23625800
20872231
23431106
14566559
29100090
28767289
18701470
20198344
12070261
12786840
30612635
32212090
15985475
9052445
9622062
23224817
29367705
16034045
10362809
21575252
9241266
29489754
29338689
27625398
22213089
12417513
32634176
30815977
12960218
15459959
27566442
30115950
16890597
16917892
31062380
30553462
33294277
31694722
8910893
33326033
23709761
23083126
23667852
12697903
25269805
15565658
28170077
33190526
32371413
24244552
9287055
30833958
25961464
22987206
1651174
11476841
10634407
20951801
30418563
22434358
8931709
32521533
23124040
22842457
28502725
8696350
15178966
10521299
21224407
16083711
30607632
10406816
30124550
26096994
11058902
19731080
15342696
21797849
27831900
11879922
11162430
17510385
17210669
32206661
25931334
32666525
20133659
32670512
33977078
11598374
17540590
23411710
26568271
22636603
26749308
17235395
10627132
18769833
20977806
25707392
8589699
21411391
11241532
30256815
30402232
16941484
32689721
22438235
21624971
18923524
19449430
27579188
28483234
19367569
10090485
11015576
28687971
18586913
29168297
8570179
17026620
28955048
26911350
16418739
23993471
29160040
21489838
19238535
1679237
31220904
28202063
19507030
12634870
29778231
14699510
24037001
26317783
7659163
23538339
27236920
28059798
33247628
23808569
23599153
25728633
12001124
24896186
23380224
27502037
20816691
31104363
17264867
31216405
29978187
34026625
18495044
26641009
19658058
26431509
29332214
15001591
22038757
23103231
12960220
33898534
19930417
7936651
22766992
23533243
27081559
12050210
15714005
19737548
31570891
10482959
28252636
11830610
29296277
26323595
31360874
19823873
25782445
28142228
23407919
26161710
28387797
28120103
7694728
16773572
32829589
24214728
10893668
25176472
9048925
28696078
21454829
22571758
25704602
31290289
10234502
22843259
8134126
26794401
31494577
7874169
32930885
21778326
31564432
15365996
15555211
16088911
28843361
11596961
22120844
8956050
31476288
22082606
31428969
30511478
17875876
15173255
15099349
31696922
9811934
15031772
8968760
31216378
27693352
15579915
18792805
25809207
27157322
7923152
18558293
16707622
15951963
26213617
18199528
32975012
27989354
23112559
18089698
30262796
23190889
27664052
11726555
32876036
26658419
16521201
29945567
31997046
10360392
34308366
25197397
28526761
12461329
26248889
15771908
33606809
23224667
15955785
25599672
15179376
19196998
25047674
32359129
33151324
12085208
28687356
27577878
8069305
18931684
29146883
29251405
22480969
14729851
21108436
18415027
28491141
28497657
21822432
20600018
31446701
20223039
9506752
28151489
31623504
9760200
25960657
27158207
9242456
10777366
10706097
28832562
33436325
20533529
25925845
9002682
28726809
27095246
7977367
30607672
25619354
28120777
31980491
16941473
8702665
27338940
18355544
33674644
26123647
18224684
24999926
27347161
11668618
28446957
9664575
23084198
30609409
17473388
30252581
31815095
30143558
10606430
7987400
31497890
9545103
28472652
29625052
24336192
15843990
10347554
7687267
12712243
26277103
10037723
19440741
17847000
32772095
10533476
31674007
28095440
32427313
21120944
24719372
24905847
26841243
32960281
14735163
29987844
25293557
22949379
28459198
30975432
25841653
11595880
7915822
11014387
20685668
33472798
9207294
26086041
11208710
23291410
26096739
7833149
25555642
8528214
25975287
23470840
15131404
19250387
20952280
22426308
24084575
27878467
16418210
10733117
33942288
34011629
28658209
16436638
28716242
31114938
12624159
24603971
1569604
18355998
32959997
27783336
16443854
30651582
22506009
25497574
9467011
19133695
28528518
21835029
26840078
33538814
30983504
24803665
17286265
9354668
14961557
8993976
19127094
10671061
29620724
22854115
20101697
21671475
11942313
25500235
18805917
23033978
22729224
32325224
31200363
10224073
25554686
33619683
12581900
17001621
12136244
17882487
23754559
33040328
8730280
30521064
21291452
33111339
19457929
24082139
12614768
18391748
21488240
30280421
24344984
16710723
28657667
31567591
17530187
33332384
9067756
24933100
33084842
26402641
23894400
25205547
17662764
26901136
10076558
10333057
27081525
23926000
10357799
31857677
19597493
23348397
25420488
26694085
25356970
15993273
16885506
16914028
21598003
23663121
16801346
8809352
22496669
27334330
7833931
16995940
9290701
31130284
17102088
23399981
19036112
7607643
9711876
22006793
22503135
21118967
32039030
34259353
22316667
18811724
26765577
7987306
8664905
28874130
7640518
22174939
9150393
20045164
15940693
10435620
25425289
15039971
11918710
10627136
23403630
14564217
24204987
17568391
29346770
27300758
24037103
21552135
29320763
10848731
28181399
18561205
19725996
25405498
17568419
12865922
11317365
11074500
10234507
10980530
1324223
11968083
29406563
11668620
10533030
26022348
15952110
23624530
19430803
12935922
23981578
22302603
24154639
22691310
21340160
17286239
25025451
31981491
22354567
27604603
10064694
9475591
8252631
16219544
9634524
30303537
10425038
27913932
9133564
28573494
24778394
10096793
1717985
24864036
23617958
21510009
30868567
24710284
11288716
31573083
22628360
12110639
24689082
11247896
19952941
26787237
1565144
20685751
30094826
12132870
34039291
19966803
16810763
9950360
15639728
9326924
28505269
17492760
28768959
30787447
10477429
25226867
8544194
25777271
11741532
24823678
32901329
18087273
26918529
8550239
8034301
17517479
33818021
29392406
32185379
10623683
16884328
32003824
30523342
26818920
15897563
11933206
17311301
18718650
16425354
31046708
9559627
23274891
23460355
8852653
28218421
27915094
26785492
30374176
32172615
16528605
21925843
17135187
8020934
28395978
19279422
8651276
22810475
27671921
33260537
29445900
12010888
9585611
22083977
16061854
11938027
29631773
18541976
15834506
28915117
26559152
30197418
29288088
12530534
28274275
8789452
8644708
15564800
33670833
16155195
19288063
10734316
30716324
26822237
8710380
18726952
11174374
9586546
23786947
18289827
32506314
16372351
22970944
28018803
26185613
3030537
29373119
25464124
22136869
23873622
18246963
23632773
19258401
21643010
21119596
8956059
18003757
10581189
21407260
19474748
29510612
12202531
25907466
9697702
18922928
15101044
18090929
23348723
27539324
16982745
31660093
26362251
15114102
25428789
16929514
16955466
21854415
30177960
27616075
24714173
10447526
12624854
22800615
18923523
17440950
8493574
28243630
26163615
31744909
30324682
20520724
21970370
15120218
28655553
7585065
29141581
27060312
10454823
24312718
8557265
28815901
29080836
14559814
31588121
19223389
31169147
20933257
11260232
20621735
30564305
26264438
16395668
8956040
26797314
16098012
17124587
27872624
8134127
24982418
27521173
31285513
26845106
28388566
23124477
15372512
9833759
12807974
11806470
15520370
30013564
25742745
17411426
22893084
33258288
33320693
17582598
25367099
28449805
27629256
21712447
8128251
24302565
28135145
25975230
9159128
27512640
16704655
29348823
27212857
24102544
26450985
26414517
9185756
30952542
8390900
10959096
8608492
28818680
27647865
31560489
29506128
9382065
12095971
31633846
19408054
17954274
22841127
26822949
8639798
9521587
33846542
21488302
25787093
14561710
30886117
18928468
24525918
9054948
7767487
12655570
29505604
17621648
25649062
16986122
27732944
9107244
11298136
23892522
24555745
30054569
28591191
8940264
1338904
19250818
27190017
31214711
11756177
32283892
30753492
24090759
11768389
12007223
26479409
21136174
33683002
34006472
21430024
17052965
9751616
26729423
25871621
28608148
25549896
33942996
22527104
22673385
27871447
7719344
15571801
8479743
28763161
25943890
18593716
31526516
11746755
9677057
22876591
30029678
9723024
22669205
11784876
29325031
17850625
9506527
18393237
22883484
30963309
32234455
10419614
28570225
30809968
19483125
17392703
16562587
25892863
16264375
11598162
21823526
30267214
18393252
30577886
11815963
33095795
11208730
30689869
11688393
24049096
30060753
31469036
18166348
24518125
29535845
12402334
22495892
17600866
33046446
11409863
1319838
31785789
30504930
12892231
30352869
12818292
28170084
28445943
24031091
27900366
27862957
21184155
16733653
30287823
10419591
31330235
14635101
22473090
25832938
9043870
20864636
22617360
10575566
28282712
17321228
25159889
27457812
12627230
10749983
16835863
10215410
17376192
28087897
33630411
28423518
21995290
28917720
29770616
20305446
17505997
15121768
10946353
23402578
31098941
9341879
18566915
22117175
33303739
30159786
32067438
23588873
10094547
23573386
15286168
23142947
31363388
9345101
16341804
27365461
10882759
7951218
30730459
20022991
23487764
21893440
24418111
15164409
33077954
17568392
19521715
18321536
30232381
24304607
28466842
9521581
29593476
29161432
33155701
27899486
28710566
31060593
17020470
7647778
29843651
20004998
9809980
29915322
22692065
25559809
31332305
15217520
18487285
28473349
15235021
23143971
12524418
22911484
25914166
19431188
30148152
29909963
10327054
31996231
20513532
27701467
11029463
21056402
25614872
22495821
31279624
22887781
24565205
12919140
15607980
8733048
17108762
29496690
25504873
28898322
26443266
14675182
21615986
7719333
21488255
11555625
28410371
29084544
22804906
16736293
10398437
28413499
22814326
28293556
9150725
30293987
25093046
20480732
26689913
20008020
30720243
15837988
12810666
20697678
23929686
32719484
32659967
28249712
29419413
32746448
32215810
23354634
28938416
31365591
11092390
32719394
1933902
33726816
25966224
27479843
7987387
17047042
28251007
16936201
12533684
8755918
18439552
23624134
25243845
11807866
9699651
24303953
9497252
29439820
22799452
19912265
15635072
16437140
26708639
21646762
20533527
17033969
25804457
19799085
12357334
20977903
23093928
29093764
12552559
18528899
23117110
24732674
28580595
10360393
8841188
9843049
30032850
24097065
11781872
24486773
21311894
26185136
26423830
28398664
15342977
30523670
19477635
9472859
31958074
10477433
8699958
8875953
24055113
17956637
25199540
23160955
15858153
22071890
10541159
32888943
15844786
30290804
31512363
27959697
9244351
29737433
15070706
27717089
31784484
15282208
8019566
8945470
27374712
11120338
25877891
20930055
14598263
26164125
12019170
26895986
28825054
24549055
27938333
17824795
27028366
27631024
21239990
16317745
15194144
16258541
16494995
19659508
11556600
26517685
9067764
29743074
25041077
30426508
24498881
25550458
28369373
19995790
23159591
29193623
30301738
19133167
8653684
10433944
29770149
16501574
20169295
21417916
19863800
33442024
26489027
29453417
33509259
10945669
19405127
31297992
22233476
32172663
16893909
10554035
33180333
31638168
12200596
30322717
16407375
23598963
19714490
18247426
26116601
29095814
20215533
19062740
22215957
19130300
31207149
19404735
25590978
22903874
15880721
15300849
27884173
25771876
12216071
17937063
11754112
10554022
31102422
22658618
33193653
26681312
16081693
29384262
8381579
21339461
22319038
20810036
12584563
29790589
30681580
25142776
28592523
24105367
30709875
2109828
12673804
23523604
8114938
29074453
29782975
21305319
21097644
28699883
10772390
9152842
31041856
23484829
21910226
9452043
32741144
31658956
12488961
1737852
10076877
28503720
14695534
26386697
27139183
23261230
23718779
29992659
15389709
32502767
26534844
8566964
19381884
8118461
30093976
16574953
25064402
30076369
21034533
22717761
16882753
22168747
12116240
8088846
32487031
11879084
25710380
16807412
12204004
17656254
18192900
31980526
28008864
15382050
11238682
1686725
31801140
26872686
29245219
31159747
14574009
15602758
32849802
9685848
23585368
32068069
7481768
32921793
24802709
11263856
15607616
11897822
24604241
19435508
32436958
33084218
15269348
22431159
12656668
18813118
21062266
29399144
28105082
21680281
32488064
29228280
22776989
23102684
10102714
17545690
26666765
28975465
10690959
17224268
19685281
28986664
21972040
10521294
26332594
20501846
22432108
11585727
30557390
17661816
21761138
8521398
33308182
33335961
16616355
19955943
28074886
25324480
17264095
34327978
9852626
15024732
15761864
19191266
31447099
11180592
20577567
10563480
9043869
12436451
26607058
31514334
24614104
33270637
26979979
22292911
21926107
24517547
21228398
24518179
10480359
19147735
29296762
22736432
31453292
17169185
18456716
28677221
15235019
30729418
10077649
9681856
22177091
23240978
11380927
9425228
17412879
10862095
32088909
9375853
22884971
23038421
8581513
7704557
15851479
28990276
20127978
27507911
23657145
23794345
33718801
15216397
29177441
17220065
26249544
15925506
31502745
31016814
30259713
10375096
9215674
15467305
10571946
22045636
24094860
28714951
22665975
18796125
1467311
12488962
22488832
9915974
10458491
21683639
9360560
9166684
19077116
25129254
26098866
26556299
11409872
11668633
34268892
16391622
7997019
28911001
31350202
11505391
33100332
33728303
21628466
21059714
32859249
18046629
9780920
32595695
15829955
25210923
20310004
10671064
9724771
12511424
8592341
8164043
26176257
23640770
19386570
30816533
31105275
27680516
22397670
10534763
27501770
15990641
26997321
25269631
25572163
21189378
23533228
17406639
31749828
18462018
11748858
33484353
10713886
33011440
16488657
31700649
29567786
28787443
22965899
25604157
9569035
17366577
10323887
21524234
22118009
12149412
11332401
15713769
27418648
12566528
18033691
25381466
31175295
30581057
27450488
29059381
24422204
31396961
23585524
21169072
25676610
28251916
24396697
20536592
30569724
22465605
16837128
18328977
30266093
16497724
22395473
32832836
34070849
15024739
29549527
32135276
25941542
29486293
24127277
27069690
23361946
28551651
33558524
28849724
10797267
8114939
23661601
9075819
9872980
31214250
25186627
26761715
16883523
22395475
15607981
11272211
33288889
19320745
30262806
31504825
29392648
31081129
33504652
24120321
20151403
18383312
27577211
15782403
26023681
15657605
10861313
1562462
27593409
11606402
24664542
25074465
17055252
18788075
9020384
24641667
9697690
21247312
24415873
23382303
23295304
18252215
17124503
10982185
21110124
26001331
8145827
29439679
11052475
26446593
26225618
8707293
22180433
31745173
31285527
22529920
30349702
23512313
28652578
30256826
23329266
30697212
26159157
9845760
25174698
23431754
9097963
19691550
28027064
28833550
20712882
9452064
19396835
30160829
32123317
24123798
34153142
28724667
28524057
17666659
23798201
24800029
31605817
19666486
18937320
20704743
26628246
26050565
12086152
15231691
8649785
20682701
21804922
17924967
11788646
24702488
31054147
12610779
12783672
12833416
16759564
9377556
33407806
32314513
9585583
11715474
15446460
26185318
10193515
8880573
23240097
29049190
16181381
28328122
16729972
31263571
26104880
11095461
22320991
28543709
11984533
16439621
31672324
25538044
25669429
10495924
18178612
25945745
29286531
23065518
29746440
32029870
8381581
27956217
27083775
27601186
30663027
32076465
27170295
22751423
31968686
27467896
22652532
28754699
10027593
32748564
25363768
26318770
21360661
28932927
11996968
11073544
20015054
9704931
18958496
19380522
17489848
8957519
27922245
7493034
31975530
27430617
11583302
28097321
11606497
26482194
12604719
22752724
27714481
16142346
10484767
10598803
16804887
26757139
25501157
34009545
16261613
25315429
18759865
33783941
26141168
19908348
9452106
25863088
32313379
29518763
20877318
11071384
11852337
27884859
25017413
19282698
30417923
11103790
30482242
20690076
25374402
31257506
18049911
2122458
24706185
28567303
15642664
10852449
9563489
12488960
20503384
18812479
12575031
22675060
11389158
23358982
21828076
21209029
32978145
12707965
28941273
25107687
25140959
21274345
23322442
14514376
9688299
21965147
12702169
19764026
19336222
22488759
12627330
20333795
20063100
26690673
24345843
20591884
27705013
28195315
32430905
10980525
28194446
29752777
10573010
15841481
24512911
29207974
18389388
2259385
21488135
33502802
32165302
29093530
22488932
29984378
12072877
30216591
15139004
15289847
10090483
25070542
19280651
33578785
25759380
28105931
29482223
26607044
17489063
25648022
15693590
31403082
25803691
8118819
7853365
24352917
23733757
19556618
29720545
9867222
30852976
16551709
30651579
7529964
18394017
12112668
8659541
19269290
30982232
27066848
30842599
29416929
12085209
30477624
15857185
30888062
7624155
16169933
24966975
27527340
22821884
7913883
28766492
12655562
15787664
19995443
15099345
33004838
21490379
30279714
30487145
26341786
29720104
19224586
17923033
29928180
17483702
24113346
31712236
26316487
32624572
17255767
9727738
16752378
27179218
29147600
15926618
22912587
20623358
26126848
22253195
12621129
11677205
24811117
8971183
18039947
24878829
23454770
11112663
25562111
15592469
22585167
29760937
17927788
33337535
30289396
29896733
25837654
27235670
20079901
32481259
18326504
8685209
31006514
25356972
34426522
33144682
24909855
28747913
31916644
33442023
17154279
18208484
26321643
9245993
24355479
15305805
19416250
27236187
9000145
29752200
23111153
16142001
8751876
24556621
20847235
10562580
30755392
9452093
15368100
21108427
32197529
10400993
9446656
32658311
21898662
29470806
11102977
27634015
24463507
16757108
20052760
9790257
11793442
29713328
32424176
15643608
27217144
21862832
23869231
12872262
25625042
26837502
23246288
25969726
26599207
23726269
31291970
17251345
16380133
29881993
15108286
27426521
30877237
17572079
27683237
31886927
18989156
23348805
9313763
1376329
33481921
16033918
11145293
24929325
9832032
11385712
16451135
32581362
7563486
30582441
12173026
26769277
28802053
21103832
9398721
19248199
24969397
17606709
16025100
29368261
10190329
28125075
31939059
28849312
25952756
19464396
27106701
26920151
21457232
23348274
8072545
16287957
15744028
16912704
8187091
9328469
23045425
28644590
23197654
23154428
11433531
28961279
28944238
19138318
33300245
11926205
9973282
8078586
17653898
15095859
32363481
29016666
29360161
22589294
17696956
9595036
33919281
18678287
10669993
18575927
30334930
10706125
24001356
30032486
24841555
33937142
15727247
24127307
28323911
32516327
15665278
18247425
19416762
10408776
17566086
16526917
7633441
17087943
29224258
10697617
10829038
9435426
16870389
15737214
11992261
29271107
9452101
33046911
20539244
8834176
25389437
9075818
26545580
26820064
12844285
19324997
25318593
16952599
32702694
17024664
22140064
33138793
16327443
1651563
25834816
26430231
25179843
23535062
21362373
21056691
26853433
12552566
15643602
16830052
19526325
30998161
29368262
20635358
27535533
7523385
28391042
22595938
12076704
24651015
28575650
17409930
24675673
29907801
9101302
18795925
24375884
28776427
33027564
27425121
14970866
33671809
28334867
29484706
16411219
21567933
24933152
19270817
23573243
33058565
11688398
31286103
31813956
10051160
11748304
11719843
25530820
7728151
28914264
20924072
28650561
31284637
16333835
22190405
9259288
33693786
10646887
10739763
33670908
30293189
10439961
31319224
8844222
24448499
22864254
10951518
30629480
23028094
24582309
32475984
24307375
22653678
11753428
29152901
18583390
16237223
24411048
21459793
15617552
18724359
31028847
25668678
20716378
26593112
12400058
12373605
29575718
31974414
18026870
1384325
9792409
16061565
32338768
7669739
22060211
20497868
26622826
9699740
10780518
21118512
32658383
1581912
14961559
21488256
33468868
31465090
10799973
9182787
12453976
24366306
10874645
30703064
9837816
16841094
19622968
22810114
9892189
27004004
28878254
10920277
22495306
11156385
31771860
10484981
30998989
26648449
26580448
28902083
25569436
10900158
33225392
10470088
11854906
11870161
24398328
21525160
19542078
17526801
15470196
18594467
18221440
21550946
15889278
11315828
31382929
16636019
26637798
28334938
8589686
12800196
22864660
8111416
18497957
8595405
21665182
18724244
14615376
10077047
11058894
25487640
7558045
30539002
1316610
30858051
24497998
1565143
14764528
22946750
31664961
29968043
27696107
16894538
12844284
20063070
15831593
14970844
17567834
29684080
17898811
8522336
24949325
21671387
25941349
26572829
28774669
25852445
26944241
12362036
29685139
12145519
10634400
28856709
9439666
18270328
23760103
19088846
32255556
1720553
28741261
12115348
10923044
24740647
26659639
16143141
11729114
28002430
9476377
18823382
12919137
20616022
9287053
33686258
26141714
11151427
11754059
28340209
32022405
20717847
11524701
11996792
32318955
9450906
14673037
31669783
17221870
29668062
21375404
16249556
29805042
16007494
26307397
8381580
10764709
23796510
9032648
31552105
27092868
23612572
29136292
26762561
22692730
8641695
22290698
30430033
26888055
15644840
19688281
16736289
19282076
1370874
26149658
8646682
15943554
17056636
26082588
20935450
21910239
8825918
10082584
30086788
19531215
25219572
16648371
21871821
34109654
31921190
23946315
27848944
17517660
31867804
26309368
25012610
11896079
28993341
28726808
26757417
20409765
25006859
33064175
30977832
1338764
21142386
19806577
17979197
10051004
26226118
25910686
17054105
10440612
22775437
28755079
25064638
22469695
17054430
29163336
20967502
11420676
19169489
31069152
18786442
30293248
21454469
24532199
25935893
22086678
19260062
19719509
30762279
32724172
28324025
20696889
25452441
14647431
15475941
12655564
11748856
12325025
15841388
18642361
32369273
17318340
25525159
21986619
21168233
10817650
26824983
11518751
19773425
33083013
9626139
19423266
28231849
20308662
31642931
12695689
34159400
32419380
8589723
27431290
9663592
29478780
31838722
7887414
29212164
12183410
30732632
14556186
21956414
27295708
18625694
23069490
25619955
29927023
32095276
9288766
17575224
32220041
21779980
24290378
25326669
34134972
12660384
12136240
9399897
25394172
11066084
19690142
22158539
27193571
15150307
18982352
15863673
28486781
9300656
25288137
9537325
15173254
31815884
21189955
7937865
23982433
16474404
18846412
31119730
30306255
32531870
28859041
21866058
32866120
15101046
15921386
7581378
9887330
15948193
10398427
18704758
33208564
29565416
30238922
17601930
12560928
34108472
30290665
17026623
17427234
16331568
17910737
15140239
24609522
9385368
10631138
23712482
16632067
29141312
22626674
33624863
23384681
25594858
10394936
12832318
21376213
31822864
9272156
29790873
30980208
31440277
31031743
24229583
20395089
10680913
33128190
33876391
26502894
27343414
9831355
12826609
18513305
9157982
9450874
10486318
24793288
27591990
27978560
17053076
10083733
12950144
26846839
16832357
24139496
15300854
7792600
14762794
11073817
31748124
33644862
30772474
31754975
17047083
9669663
17427195
31754721
8302608
24916180
29806868
24251760
16470591
25563800
29566657
19479271
14716824
31673528
32860162
23334666
17660459
28191890
31062505
10660333
34106356
10072428
27790375
26511139
23150177
17688370
22878509
31206626
31731261
25430799
11948460
28125078
29493090
28973083
28934671
20373070
11156381
31309596
15475387
21653199
9603437
8364570
23321623
30840781
12810663
19681062
24651309
28139825
18000903
26754866
12471211
29324801
32171629
21311097
16474405
22302539
7797123
29205322
15073606
27545002
20128691
17803690
21823540
18809606
15872200
31591141
7706467
7833936
21518407
33212994
21533187
28195569
11055896
8688334
21928350
7874170
31475041
25925667
27821076
21681552
12406399
7700111
32778138
20020535
15381368
33790768
32445296
26252958
19775298
19768578
10713887
17637250
10864201
12547705
30897307
9452119
14623110
21778331
16387360
11886535
10077730
28830827
33494414
33547006
29693058
9463314
7649548
25705527
28423363
8869100
22928647
32183154
18823404
11826028
22520355
23097380
15211648
11889466
18985070
10923051
24946964
12429635
15949572
21816872
11704759
28862987
12362047
28594414
29200776
32156018
23812909
12588804
18573109
32531373
23469205
10574673
20560986
26416840
17228328
25477341
15173238
20649969
29899996
9452092
18504682
29785153
16116826
16881968
10517250
16152648
28116330
21404117
14574988
12477974
10777691
20589194
24698406
15222003
9288102
23132533
8308926
9313764
22387015
23511495
10397462
11600516
14729822
10777358
9792410
22311583
1978757
27363716
25586603
22942091
27433846
10589545
29036293
31321604
24914079
28487081
23188718
16606836
28499267
11983757
21665257
27651169
24652667
12815592
11267860
26246517
31871109
16736291
24613280
7746201
7866403
31289279
24224811
33098801
15253764
27599564
18094436
11412411
19444466
8388883
10319582
20949621
29444762
21686750
31160347
11920788
11343035
26884814
34199532
29761117
11450852
16650078
11436122
33604570
11332402
9097962
15523615
11173845
11839722
20033212
24000325
12072543
26380986
22146522
33433757
10487696
29970488
23771925
8797579
11857745
11309221
14961575
22584058
1279971
9140396
8252630
23399955
19814753
9094028
9286463
15142370
18777455
23335589
31671381
20624523
15192123
23802536
31871297
32281046
20926450
15387959
9311737
21689725
10649494
11741105
28779002
20921021
9714439
31491536
21713996
17720980
25144241
33740971
11606401
10872540
26248088
18031321
27153395
10982189
24382853
16341550
32277046
8946174
31336229
24225993
23580068
26342709
24204729
8797773
25219767
8634692
9829911
31649038
32434131
33482860
20823418
25762628
33300679
12719376
15042666
24362816
17665423
15307100
21972109
29906362
29447731
27692552
7664239
10353780
9090527
17026565
14566704
16707427
15121796
7987334
23643382
21801156
26700204
28514307
29310834
33565752
20924129
23315997
16220461
28475857
23802516
30406758
29348693
31038288
23610083
14523376
15200905
28284480
20112233
19468865
22949387
32292534
28195393
12673797
14723729
30549301
25913741
25246819
9682216
33769591
28303455
23561487
21590452
19459153
22264755
19096324
23756559
17554785
28351596
14966376
25330149
18712731
23100212
34082788
21542403
22453149
25894639
20848651
9797362
18670346
16542397
16595991
15108288
28771251
17889038
19020799
11042681
20033049
24062953
18772120
20689139
31618753
29663862
32901917
25980754
15483016
9491322
29222740
18647326
11260071
27142837
25963545
28246602
18759867
26915675
9443866
8780740
16478792
14735203
15531462
11768390
15915160
31748977
12362034
18759827
16631468
23281139
21059199
24549056
19173287
30919572
23423322
22083669
16820884
16292097
21162090
15850016
31341943
33368972
27527345
25527629
32368696
29276005
17468812
10323403
19250386
28600779
12000816
23532954
27915441
11583957
20188141
12473594
22035731
29658329
28296742
29371908
25133505
31370276
20421238
28957739
29666556
31654484
29472279
11668621
17582678
33240318
33201365
12658575
12208743
18845095
27810688
31474318
9887333
20017945
31929729
29924900
32005694
33128510
34347074
10864200
23578328
32655291
18413255
21271559
10207667
9600210
12540507
22413961
26436111
16190968
26987750
16040858
9428765
12372054
18307539
23354017
11732489
10738300
17680521
9279764
17873121
33110418
31910188
22801565
24451042
23509889
22211815
14734220
17433830
10830910
33087929
27955658
16189274
15928039
31319225
12107757
22357542
22851211
28383543
30733481
25176975
26349957
8730290
10732761
29555671
16143124
27000756
30588330
25077900
8574961
30115677
19036155
8938136
11173846
28288113
19793053
27981619
26709970
10761708
15492269
29263802
19168852
15655560
8863153
25363760
18302097
16941491
31742715
10075926
15833136
28401059
31827275
33326660
15805158
30787465
27733777
23707370
28916186
12362032
15520399
15928245
29875428
30146126
28191889
14517962
25081409
23621866
28533537
11867715
22020549
9886275
21437455
27760138
27621308
16484323
17312306
27467201
15622488
19336507
27683109
28607217
16922729
22170717
27423618
29681107
10433926
20719348
17126523
26936507
17034029
28043400
20805372
12454511
18285426
32485746
21879275
31486992
27258816
23908116
20653773
17632790
21671081
27391059
28722703
21389259
22543498
30528446
28086757
15523492
16183119
18634022
23726790
7812952
18330910
23906836
18307025
18384426
24577265
9391252
34422331
19500876
18612690
24389957
21343334
27389715
9753072
31101557
33767182
26224408
18664296
8845835
34399810
23527983
23375656
27259051
23616187
17426470
30274973
15300853
16857818
23816250
9607760
33191405
30829280
17652212
25306193
26817465
30745729
32754334
23610110
8896569
27487738
21505135
29736252
8103406
33365035
32581359
31185301
23329143
9516223
31173646
31113927
26896183
22393103
7655462
25533962
28791770
9916927
31589898
9526167
8162051
20140688
30255099
33646313
30778343
8592333
29544907
9832031
22331366
23437064
16817031
19671334
25311247
32325837
23527089
31594918
17624273
28701629
22318994
24260884
29758562
15363252
12920084
31948886
17009072
26681682
20523244
28649221
18406876
17164301
25174781
27724990
30639167
27170298
21946351
16724012
9735393
28708303
26182300
12414663
30181857
16809612
15769334
32601921
12139794
19012332
16541406
32732226
21274302
24260271
25243319
31501239
31050713
25100368
32962729
26270727
17526800
24123847
17666371
19111562
32989326
23649896
23772956
30191644
29665859
33621668
22281088
29628140
12626904
21901500
28931914
29700634
24691054
8704236
16582077
25647146
22529939
23409989
23619277
27121310
16320249
11133753
20351605
10078571
21682876
20564245
25865609
18596921
10768871
30239254
10588527
15849733
18807267
27623068
20574656
25271085
17191030
25683602
29219214
32621647
32994724
15918206
28488180
26223839
25677562
27168869
22261759
16401470
28283864
10417759
19902524
33245408
30154229
8425176
8111410
32504335
9537233
17276542
10534773
24581539
33523537
12067992
25637381
32410215
12112654
26072394
32821428
25463315
15642680
27816598
27873105
15390180
7978053
30777867
24903654
8162022
24278394
32041611
33009833
8625447
28279309
10567493
15784129
20435009
23679181
34145229
29026543
17537157
18393246
23884777
11380921
15300627
15001945
24627108
29884787
21785361
8880570
7773297
27763634
19610084
24758907
19820032
28475293
11479205
11692182
26530882
12734540
31976144
17707181
17693524
9129144
9140397
25839327
26247049
20858721
32885271
17374836
24776628
24715504
32643838
32017842
23807571
31278746
32871658
9600235
19302922
9298827
7557107
27439424
11687599
9582123
27023170
20562673
22895882
12186468
32552793
17348456
28608266
20049516
23298237
31652620
26029016
9667734
17043057
30796655
28263302
26401554
23259501
8680409
32981126
20735442
21233718
19889552
32001615
17124347
24908667
21292812
26968164
33994118
16411093
28523199
7795583
29752822
28664506
28792655
19419416
10441006
8655134
27913849
28109013
27506760
30470824
8978340
17598199
29525180
31048079
31741144
26628864
31429931
27195699
33624935
29356034
32946550
32154576
33297573
31432501
12362033
15625620
16234564
8723101
25800480
10377013
22495831
9322509
8710906
21488257
23725351
17200176
24115288
17963004
8571956
11705864
19659470
10425034
29070607
10873394
29664460
29335925
8385047
21840485
9600246
16134147
14574010
8099202
27323706
22826269
23415580
30103035
34178123
24493355
30098700
24763289
19206169
20647319
21222160
20435624
16365291
26506520
26225655
22724017
12938096
29033429
21078199
21194675
21463266
28123174
25374282
21345075
20132997
22648184
18685109
18726168
20688482
34008015
10389749
24169521
33309985
25716913
9754819
33047316
22071889
15365995
14504054
16633321
21150883
29512191
26014290
31470354
22266152
15184898
23720934
30312418
22495309
17551924
29368341
21893220
23548576
29845239
9891044
12882767
17256796
17357086
22028092
31031587
22517943
20648245
30482293
26600631
31050087
30363071
23715166
29887214
27843123
23016555
9916806
32779773
31971667
22875147
20587412
30309722
10612836
8968744
28104920
30588011
31264968
24901346
27064304
31939093
30855488
16834925
10611590
32490589
17404884
22987620
10528857
25132448
11106358
31844173
8990002
32566746
25473036
8125478
16029571
28627087
29907982
25612911
31269945
9218993
9150358
22395866
33422028
20981092
26485756
21859464
27285993
28229514
12574234
9419403
24198292
18183595
14970868
26613750
7757073
26708526
20031592
32720365
18806481
27957778
18794146
24599579
31019026
17506007
11754114
12503191
10698713
15986289
15384080
28250423
10754480
17873119
16569251
24379037
28825856
9399661
23047549
33548149
23334668
19672700
25044890
16773562
19150152
33040082
10095351
10464642
8336750
25326637
10232405
21488287
25110875
15138207
27055092
8845844
28135719
17337496
31475037
12884424
27649069
24289326
25927356
8395941
31386297
25122203
31780696
25078357
9850045
28254233
27449771
30216942
26967979
33077847
31729162
11726306
7584997
15942939
29483666
15870828
27550049
9032114
23656586
15689459
12407711
19165225
20127977
27240702
16201232
10807691
16358218
28991257
21208904
8676562
23175693
19066959
24090359
32778766
17388805
17690113
18923525
28512736
26976419
31604004
28454995
16572651
23859443
10618407
26325558
32146645
26818911
10790203
29954149
10422993
28135048
19727776
27353043
25045367
23211698
32133419
15200509
33206719
10330348
17440981
15122587
20522432
9425889
29696744
29961768
30702970
27087319
16644204
30553995
21952876
31422574
28861920
32373773
20480175
18931482
1678319
27017609
16314641
1505964
7981688
34573280
21255467
33376610
22368299
20033787
17392848
18042262
23172776
29901124
22878818
17219440
26633542
7584969
27561113
21659347
18433509
24309598
32190315
15054841
21850009
18425378
22726846
23913723
9829912
26311738
24373500
10861678
14735200
22006311
9857065
27664279
17453009
30525188
31820785
31263565
16263833
14726968
30447426
17167857
23062208
31227566
26795593
30067863
9439668
22995991
20945614
19617769
33440462
23517481
29923175
30927251
30039884
27146957
27876779
21777349
33372952
21761402
24733792
26931467
11955539
28152038
15742474
26625971
24336230
21833744
22447671
30630526
26351730
20846682
31824477
16924464
25435955
11332399
9700203
23276709
28454448
26439923
12494471
18564920
9452032
28294470
29753700
9611074
22923379
12920089
30447144
25749350
29667044
20862607
32853339
25414397
27596331
22081473
19298283
9494520
19575290
21263000
15996210
27622479
29506079
33790997
32037394
24954719
16764984
20826828
23463749
33971972
33510405
31149344
12114495
31292302
16170316
12970262
23124475
26027441
10027594
12655568
31811167
10200055
24770791
17828387
19489874
28428902
30402230
12547858
15719192
21170474
9727013
15817905
32375772
26350204
24382691
30940614
11805335
9593786
24132471
27247567
17690979
24481334
17341484
29659569
16838304
31139268
7704024
9876352
22345219
17299070
21172876
9328353
11968084
30352134
29706633
24518971
15220216
20444925
19968660
19145097
19608689
25504284
31118792
8075648
25871441
30962325
19371735
8808599
21412926
18762572
17703371
29158550
15845591
7853377
12624141
30851086
18772310
27838800
30875412
24642958
15031030
9240418
30022773
11496368
7959691
19927903
11781295
19593690
19265751
11174389
32871987
24323032
8479749
11668501
16287113
18631007
11370630
17569143
33468175
33807868
30742731
8776590
11420710
12527714
30572730
23028338
21642682
23052599
22507745
32558426
28074573
15188174
19900597
28513612
23009393
10386556
32039725
18251729
32982993
7719345
11505412
10731087
28391433
23335809
24888332
30214756
26076150
10084598
33654310
28489335
10408777
20426520
12509279
10677309
19858129
17091122
25712765
25503501
10090908
21951831
18080326
34194672
31299979
25516202
29442399
10217080
24586880
10446963
22145147
12624160
32187703
33801456
32129674
23886400
24580998
16685411
23607861
