29899996
33326033
29625052
27900366
24691054
26436111
31589614
25363768
28191890
28714951
7937865
17575224
18664296
28135048
30306255
26987750
26689913
31785789
30098700
32171629
33084842
30610926
21575252
23358982
17409930
17956637
16258541
19096324
20033049
18528899
20823418
26901136
18355544
21172876
23380224
16857818
25176975
20049516
27625398
16885506
15665278
20621735
23028094
25925667
30470824
28726809
31028937
25017413
10224073
21292812
17219440
28944238
28861920
30287823
33245408
30840781
33300245
22571758
24896186
28724667
25318593
17690113
24728327
20805372
25525159
30720243
31321604
15851479
12826609
19165225
27545002
28902083
18246963
30032850
32283892
31105275
29752822
21761402
30274973
30709875
8625447
9607760
9891044
8710380
17606709
20128691
31060593
31447099
16644204
15564800
21343334
25896519
17224268
29070607
26681312
15381368
29470806
11518751
26580448
30352134
25877891
32658311
28369373
29392648
30630526
31081129
23580068
31016814
9667734
28152038
21552135
23894400
33674644
1565143
32658383
31119730
22233476
20127978
29753700
25503501
26014290
22006311
24651015
30154229
23334668
11332399
19468865
23484829
19127094
29263802
18989156
9157982
9020384
19367569
1933902
10477429
18685109
31050713
16941491
9242456
9569035
8308926
22507745
22923379
10589545
32475984
23469205
31278746
12076704
30980208
21305319
20198344
24382691
32854451
1686725
11479205
7966399
28664506
7664239
21488255
27621308
26822237
23981578
29785153
22170717
10864200
21339461
10486318
28843361
31159747
10207667
25374282
8164043
26911350
30076369
33138793
32187703
30607672
22653678
15951970
29770616
16494995
11370630
15607981
15607980
16707427
26659639
27622479
27153395
29324801
20421238
26787237
27501770
21345075
26094658
33128190
19556618
16633321
12509279
17530187
8118819
1581912
1591732
21059199
15925506
29360161
24929325
30239254
19238535
12524418
28499267
32885271
7887414
27714481
19405127
27418648
26022348
7978053
10389749
33818021
25945745
32029870
30833958
32123317
11263856
27957778
30796655
18208484
33332384
8869100
11920788
8134126
16401470
20522432
9290701
28135145
30216591
18307025
11668501
25637381
7706467
28975465
25925845
26641009
8550239
12695689
17318340
24763289
22851211
29875428
12406399
32427313
14673037
31748977
23259501
28279309
31494577
32959997
1679237
24307375
26628864
11180592
2259385
1978757
30093976
8075648
17427234
30553995
30374176
25612911
8134127
26534844
26225655
9067756
1562462
30588330
1737852
23175693
8479749
8425176
1565144
15492269
17567834
18937320
24702488
26270727
16551709
15192123
8688334
15993273
33504652
29489754
25927356
17572079
25293557
15850016
26556299
27616075
19012332
15173255
12019170
30309722
26086041
29205322
10697617
18762572
1569604
22878818
15368100
27374712
28502725
10435620
16437140
10484981
24251760
12610779
22311583
19930417
15784129
27449771
31567591
24448499
15073606
9150393
9704931
11753428
16033918
20426520
28573494
19714490
10064694
25226867
21665182
8649785
17656254
29146883
10980596
26332594
11420676
27157322
1467311
20501846
24916180
33087929
8302608
25619955
9129144
10706125
26029016
24373500
28475293
30709381
23409989
22495821
26681682
14656244
20967502
25269805
20127977
21946351
22706378
22800615
8479743
29737433
21311097
30612635
28911001
33407806
17554785
19250386
15342977
25047674
8780740
8639798
30322717
8034301
29478780
16333835
23172776
7767487
30875412
9723024
30886117
8685209
11102977
30146126
22652532
9595036
24336192
14647431
11983757
19542078
20017945
29566657
32930885
12085209
19671334
29416929
29746440
32516327
30742731
18786442
9600210
7614454
29325031
7936651
21056402
21505135
32624572
29338689
33606809
28878254
30553462
23612572
31815884
25762628
12584563
27285993
31263571
31981491
31958074
32989326
18923524
18724359
34426522
22071890
18923525
27733777
33523537
21972109
18923523
27179218
30716324
21804922
23334666
28202063
28125075
32368696
22810114
33372952
28505269
19430803
8875953
20981092
22995991
7529964
15737214
12204004
33155701
24289326
16183119
23610110
24582309
15070706
27258816
16081693
15173254
18795925
22703879
17124503
22083669
10680913
28710566
11208730
11505412
15837988
17255767
23598963
27981619
27771813
25176472
24627108
1376329
20140688
11074500
21680281
1370874
21925843
17107413
16220461
23786947
31341943
20137753
22136869
20688482
22264755
11174389
29896733
25243845
23016555
11073817
17824795
22626674
24565205
25910686
33212994
1717985
29200776
29693058
32978145
25199540
7687267
9450866
23926000
25960657
7479840
23621866
32146645
11984533
16327443
21689725
18724244
33502802
29923175
31497890
19416250
23190889
9699740
16331568
16365291
15194144
32220041
32975012
31350202
27535533
1384325
24000325
31284637
21951831
21119596
30983504
29631773
7694728
16143141
21854415
9697690
25832938
18183595
15897563
25504284
30280421
31370276
8680409
15099345
15742474
23083126
22438235
27577211
32876036
1720553
23399981
1279971
12407711
26872686
29681107
30103035
23246288
34070849
33111339
18497887
20520724
28459198
24463507
32154576
28655553
20872231
26818920
21097644
27259051
34011629
32410215
31453292
33223528
28288113
32643838
33783941
34145229
26517685
33726816
32946550
31102422
30855488
26530882
30487145
30290804
22589294
29907801
33337535
33004838
19206169
24803665
28991257
17704260
18042262
17551924
27521173
30581057
31560489
19416762
16474404
20523244
33128510
33040082
28650561
31623504
17703371
18413255
17366577
25463315
30525188
23321623
26607044
30919572
29752777
31336229
21062266
16439621
23093928
29084544
24303953
22488759
31292302
33482860
22495831
31475041
24800029
29696744
26918529
28524057
30406758
20395089
21871821
24719372
17483702
30094826
31573083
33300679
26633542
33644862
16804887
24451042
22876591
33027564
33683002
22506009
30732632
20735442
25533962
28832562
29453417
32746448
33303739
30842599
33297573
21862832
32888943
28594414
31697451
31031743
19775298
17517660
21263000
22855653
19966803
32581362
22887781
30417923
27577878
27121310
27561113
33201365
12552559
28779002
28767289
30549301
30303537
8845835
26896183
21665257
22146522
31050087
33646313
19781682
29667044
31780696
11756177
26506520
33436325
8968760
15101044
17124347
10864201
31871109
10425038
11897822
15042666
31206626
10817650
22585167
24512911
29909963
34573280
30651582
30262796
31429931
25122203
28580595
28652578
26098866
12673797
16941484
33095795
27083775
32521533
15880721
17517479
12552566
18502988
25614872
28849312
33098801
12810666
30607632
24954719
29371908
32853339
9600235
30772474
9887333
16411093
12935922
17341484
22529920
23640770
18846412
11505391
16029571
32488064
33084218
29659569
23585524
27978560
30613976
24120321
9711876
25186627
19404735
31382929
27989354
28916186
31285527
9463314
19431188
18634022
27599564
26976419
24549055
25749350
16914028
29368341
34026625
12815592
9682216
22071889
31465090
33376610
12882767
32068069
33365035
22354567
29506079
15164409
32832836
17910737
32255556
34399810
3030537
23807571
23509889
30124550
32172615
32325837
15039971
12473594
30995915
11606401
11996792
16574953
14735203
34008015
21787400
23561644
24368146
28135719
29492593
33919281
27664052
33206719
11746755
32962729
9043869
20308662
29945567
31432501
31214711
28825054
22213089
15390180
26846839
18321536
25625042
10873394
34134972
22006793
19535770
28503720
31470354
23726790
10980530
17393301
10464642
29778231
9443866
9792409
28423363
29506128
28472652
31771860
16832357
33558524
10330348
24113346
18384426
12072877
21833744
22520355
29439820
20826828
32066632
28195569
28657667
12362033
10234507
22527104
31227566
31028847
19691550
9872980
32338768
30816533
29482223
27433846
31173646
25980754
15756685
18701470
30363071
28123174
9450906
30982232
9792410
29665859
25452441
24090759
18807267
29664460
25330149
14970866
30067863
8659541
31319225
22345219
19440741
31403082
20480175
12697903
31422574
30482293
32778766
29335925
21965147
32095276
16380133
12673804
17540590
29961768
23322442
17376192
30888062
12655570
18573109
29036293
8755918
11830610
8808599
24556621
32994724
29356034
32558426
30927251
31731261
11805335
20945614
9450874
23142947
11826028
26439923
28486781
32318955
27871447
31745173
30851086
25428789
21933854
26628246
10534763
31214250
26824983
33481921
9150358
9054948
23667852
30267214
27732944
8698354
30730459
15843990
32901917
9244351
31475037
19147735
32655291
12511424
31160347
30214756
9537233
29978187
31642931
31921190
29288088
14695534
32259893
15054841
10677309
28687971
23211698
24586880
31741144
11298136
32005694
32748564
27671921
32531373
32133419
24422204
31130284
21454829
31811167
26732650
15643608
19823873
34009545
32566746
9497252
31019026
18497957
23143971
9452093
33442023
23946315
29141312
33011440
30279714
17582598
32552793
28170084
28195393
23632773
16497724
31948886
20816691
21108427
20004998
11889466
19773425
33624863
28528518
18575927
30639167
30420857
21893220
27878467
8789452
16387360
29348823
34153142
24733792
26182300
26658419
28591191
27484032
29915322
31216378
34199532
33083013
26822949
29445900
31871297
27913932
10611590
17632790
29093764
9000145
29163336
7792600
8797579
28898322
28716242
21778326
18718650
31118792
31815095
28687356
18504682
25572163
31920950
30426508
29271107
26915675
33510405
31514334
28488180
10492163
30402232
23585368
20151403
28726808
33294277
27873105
10571946
33077847
9521587
17600866
31257506
31671381
33621668
32206661
33671809
12149412
33494414
28351596
31669783
33047316
30086788
23454770
30054569
24105367
33144682
28592523
20169295
29987844
34347074
22473090
17087943
17566086
18670346
27701467
25975287
12660384
14699510
29486293
17568391
30290665
32859249
33151324
27884173
15635072
26884814
28398664
17056636
20949621
17468812
22211815
24037001
18813118
23437064
26242988
22669205
16474405
18958496
25808193
21375404
20810036
26249544
30266093
28957739
30430033
19396835
24382853
27848944
31974414
33790768
21797849
23059812
22488932
22302539
31216405
29158550
16773572
29758562
33326660
17601930
21686750
24552817
25961464
18922928
19380522
20647319
21118967
30762279
25315429
27450488
18433509
22987206
17411426
20685668
31285513
24549056
31113927
33193653
32292534
7833149
11606402
21859464
9664575
21142386
18199528
11960572
9375853
11933206
18612690
17489848
21078199
8381580
27623068
8956059
11839722
32025882
9585611
8990002
10470088
12010888
10094547
34106356
12007223
10923044
10646887
10982189
23159591
1316610
12527714
30897307
7853377
23599153
15108286
15300853
26446593
7833936
7959691
8118461
1651563
1338764
15024739
10077047
33468868
15122587
11754114
29251405
25604157
15986289
20033787
14633595
20924072
11247896
20333795
19793053
31504825
10347554
20223039
27158207
33769591
19531215
9341879
19029688
15108288
19725996
1651174
15459959
31486992
1324223
21110124
20434453
12702169
21779980
27000756
25142776
19444466
15857185
14961559
17963004
9101302
25590978
15446460
16883523
26414517
21643010
33309985
11317365
8252631
31269945
16478792
9916927
10083733
8544194
31744909
7833931
9950360
9476377
16134147
7746201
14522379
32088909
8730280
27705013
18425378
19279422
22395475
8187091
29367705
11748858
20649969
12581900
30324682
16292097
24055113
31069152
28413499
18166348
16890597
7981688
11677205
25716913
22864254
30569724
30256826
24518971
26613750
18224684
29518763
26252958
19768578
10094557
30852976
15951963
27347161
8111410
29406563
14523376
31062380
20513532
16650078
22893084
28533537
9452101
8020934
16088911
10669993
9382065
9288102
10439961
11267860
1338904
31360874
8834176
9724771
8395941
8381579
10746979
29212164
7951218
32754334
28283864
8103406
29368261
10713886
33790997
32281046
19617769
18026870
23561487
18393246
26163615
16569251
29535845
9669663
14966376
12503191
30148152
22799487
31980526
15300854
11768389
31175295
32369273
31591141
24082139
26161710
28608266
33977078
20682701
24599579
32067438
15771908
10598803
32829589
22431159
26247049
19196998
27683109
12362034
27081559
8844222
26625971
8125478
30272267
21476993
28423518
17026565
17882487
11768390
27696107
19111562
23348723
24823678
19036155
27087319
27343414
29968043
32702694
28105931
8252630
21646762
27783336
14574009
15952110
10634400
25676610
29620724
22447671
14734220
23715166
16710723
10768871
20977806
28644590
14729851
9452119
21488256
9603437
8019566
33740971
8733048
29901124
26837502
8162022
30588011
12173026
20589194
11145293
33670833
11896079
33654310
9067764
31469036
8381581
21598003
24309598
21567933
23873622
24999926
12357334
10440612
28551651
16317745
17169185
10090483
26141168
34259353
26622826
1319838
21866058
15833136
22692730
18393237
8390900
7866403
19593690
28955048
18794146
21488257
16676398
15719192
26416840
17696956
25559809
16201232
8111416
28282712
24664542
31916644
26309368
27816598
11668620
22658618
18704758
29026543
26840078
28018803
21059714
9391252
8162051
20063100
15095859
8655134
8931709
26023681
17426470
32504335
32543103
8968744
25074465
31101557
9207294
7797123
14735163
23114473
27081525
29954149
15131404
28792655
30256815
28125078
10562580
26511139
23291410
8910893
20564245
8385047
21653199
11741105
27838800
27692552
8664905
8608492
9494520
17506007
10397462
30523670
23460355
10454823
11852337
8940264
31712236
24169521
16264375
21488302
23423322
15179376
15643602
25324480
22884971
24946964
20033212
19731080
30689869
11409872
25159889
26311738
23725351
1678319
16820884
15727247
28818680
12136240
28791770
18487285
27217144
10482959
17568392
16736293
11288716
30259713
15475941
27391059
25210923
11867715
15689459
25243319
26213617
25941542
18982352
10077730
17598199
31552105
18406876
33807868
24675673
21488240
33670908
9452092
24770791
20935450
27170298
17251345
7669739
26797314